./RM-GAUCUGAGCCCGGAAGGGCUC.ps.in
0.010369764
0.004727515
0.0
0.0
0.004359016
0.999490724
0.999469139
0.999987304
0.999994963
0.999993831
0.999921378
0.0
0.0
0.0
0.0
0.999921378
0.999993831
0.999994963
0.999987304
1.008540182
1.001157944
correlation:0.747020028474
./RM-GAUCUGAGCCUGGGGGCUCUC.ps.in
0.377001632
0.33168164
0.0
0.0
0.00408824
1.027751206
1.01279035
1.006378086
1.012179821
0.998580882
0.003469242
0.0
0.0
0.013649509
0.996676431
1.003904005
0.999961435
1.008273872
1.00740069
0.374640332
0.361238345
correlation:0.817529945313
./RM-GAUCUGAGCCCGGGAGGGCUC.ps.in
0.010369863
0.004727641
0.0
0.0
0.004359016
0.999490725
0.99946911
0.999987304
0.999994755
0.999990642
0.999104785
0.0
0.0
0.0
0.0
0.999104785
0.999990642
0.999994755
0.999987304
1.00854028
1.001158043
correlation:0.747104181932
./RM-GAUCUGAGCCUGGGAGCUCUC.ps.in
0.405503603
0.343395865
0.051304074
0.064900774
0.059274419
1.097437311
1.065765876
1.048146024
1.016916498
0.308552228
0.117647935
0.146387612
0.131871348
0.37879848
0.126343035
1.0876869
1.084150106
1.035444926
1.131945348
0.49034504
0.470854706
correlation:1.0
./RM-GAUGGGAGCCCGGGGGCUCCC.ps.in
0.005147944
0.0
0.0
1.002320935
1.007927775
0.999980569
0.999822482
0.999988735
1.005055492
1.007456262
0.005665668
0.0
0.0
0.005665673
1.007456265
1.005055484
0.999988735
0.999822482
1.003500658
1.004683475
1.00719309
correlation:0.548663958718
./RM-GAUCUGAGCCUGGGGGCUCAC.ps.in
0.074117403
0.0
0.013043699
0.0
0.964296564
0.999637508
0.99979792
0.999988258
1.012117586
0.998453682
0.003427155
0.0
0.0
0.013611074
0.99657187
1.003815479
0.999988258
0.99979792
0.999637508
0.977340263
0.074117403
correlation:0.671215214139
./GC-GAUUAGAGCCUGGGGGCUCUC.ps.in
0.123552584
0.091688584
0.0
0.0
0.960285865
1.007483877
1.003542436
0.999986559
1.012124506
0.99846486
0.003430406
0.0
0.0
0.013615053
0.996582068
1.003822651
0.999986559
0.999789991
0.999610587
1.065276022
0.121876746
correlation:0.672629305252
./GC-GAUCUGAGCCUGGGAGCUCUC.ps.in
0.405503603
0.343395865
0.051304074
0.064900774
0.059274419
1.097437311
1.065765876
1.048146024
1.016916498
0.308552228
0.117647935
0.146387612
0.131871348
0.37879848
0.126343035
1.0876869
1.084150106
1.035444926
1.131945348
0.49034504
0.470854706
correlation:1.0
./GC-GAUCUGAGCCCGUGAGGGCUC.ps.in
0.010369763
0.004727514
0.0
0.0
0.004359016
0.999490724
0.999469139
0.999987304
0.999994963
0.999993831
0.999921378
0.0
0.0
0.0
0.0
0.999921378
0.999993831
0.999994963
0.999987304
1.008540181
1.001157943
correlation:0.747020028552
./GC-GAUCUGAGCCUGGGGGCUCAG.ps.in
0.0
0.0
0.008985646
0.992137187
0.999165753
0.999972432
0.999822839
0.999988675
1.012117118
0.998453394
0.003427069
0.0
0.0
0.013610647
0.996571353
1.003815581
0.999988675
0.999822839
0.999972432
0.999165753
1.001122833
correlation:0.554520360676
./GC-GAUCUGAGACCGGGAGGUCUC.ps.in
0.010372817
0.004731146
0.0
0.0
0.004359014
0.999488516
0.999466426
0.999974042
0.999848921
0.999986172
0.999105679
0.0
0.0
0.0
0.0
0.999105679
0.999986172
0.999848921
0.999974042
1.008541378
1.001158513
correlation:0.747089568522
./GC-GAUCCCAGCCUGGGGUCUCUC.ps.in
1.041989351
1.026250674
0.998868242
1.022164758
1.022245969
1.016555944
0.613531365
0.0
0.0
0.0
0.613531365
0.994405445
1.021870795
1.022228708
1.021329965
0.999005777
0.994553456
0.030887237
0.020892919
0.012393305
0.010507331
correlation:-0.405849196763
./GC-GAUCUGAGCCUGCGGGCUCUC.ps.in
0.378803044
0.333828914
0.006263025
0.006701957
0.010783873
1.03425672
1.012805772
1.006433216
1.01215891
0.998560252
0.003469171
0.0
0.006497437
0.020344949
1.003357797
1.010146291
0.999940215
1.010404717
1.009262819
0.374671771
0.361262556
correlation:0.816952671031
./GC-GAACUGAGCCCGGAAGGGCUC.ps.in
0.010377149
0.004727492
0.0
0.0
0.004359015
0.999490513
0.999468901
0.999987304
0.999994963
0.999993831
0.999921378
0.0
0.0
0.0
0.0
0.999921378
0.999993831
0.999994963
0.999987304
1.00853992
1.00116512
correlation:0.747019790031
./GC-GAUCAGAGCCUGGGGGCUCUC.ps.in
0.12355278
0.091688843
0.0
0.0
0.960285648
1.007483666
1.003542226
0.99998635
1.012124648
0.998464874
0.003430407
0.0
0.0
0.013615248
0.996582238
1.003822443
0.99998635
0.999789782
0.999610378
1.065276067
0.121876936
correlation:0.67262924832
./GC-GAUAUGAGCCCGGGAGGGCUC.ps.in
0.010370395
0.004727493
0.0
0.0
0.004359014
0.999490363
0.999468752
0.999987304
0.999994755
0.999990642
0.999104785
0.0
0.0
0.0
0.0
0.999104785
0.999990642
0.999994755
0.999987304
1.008539772
1.001158217
correlation:0.747104186492
./GC-GAUCUGAGCCUGGGGGCUCUG.ps.in
0.027603274
0.030457896
0.097249309
0.579449734
0.080105814
1.013084096
0.999562257
0.999984503
1.012121908
0.998457319
0.003428195
0.0
0.0
0.013614991
0.996577302
1.003815129
0.999984503
1.007107295
1.001367321
0.058724412
0.753296362
correlation:0.732073979621
./GC-GAUCAGAGCCUGCGAGCUCUG.ps.in
0.0
0.0
0.012421627
0.992103543
0.999168706
0.999970167
0.999819501
0.999969422
0.988331184
0.308302285
0.079053711
0.0
0.0
0.227112998
0.079053711
1.069520471
0.999969422
0.999819501
0.999970167
0.999168706
1.00452517
correlation:0.686414481869
./GC-GCUCUGAGCCAGGGAGCACUC.ps.in
1.032239656
1.176983787
1.211955643
1.257974899
1.253127115
0.232492519
0.038022339
0.062212261
0.083482861
0.182217854
0.193339448
0.359763912
1.211181397
1.248826404
0.99194408
1.007121987
1.04303789
0.030029909
0.076478268
0.069488235
0.05242736
correlation:-0.50666171796
./GC-GAUCUGAGCGUGGGAGCGCUC.ps.in
0.010488507
0.004870723
0.0
0.0
0.004359011
0.999487225
0.999450205
1.003589488
0.999954908
1.004381738
0.915879225
0.011115197
0.0
0.0
0.010384703
0.899866841
1.010020823
1.005582589
1.005442584
1.008679615
1.00488105
correlation:0.753993099336
./GC-GAUGGGAGCCUGGGAGCUCUC.ps.in
0.039105946
0.036307427
0.0
1.027411639
1.078318604
1.046545062
0.9991387
0.999277808
1.026579263
0.308006192
0.078979424
0.003564498
0.003634523
0.269743184
0.078979424
1.06847129
1.035340983
1.039736534
1.049471709
1.053175292
1.059208708
correlation:0.675512567439
./GC-GAUGUGAGCCCGUGAGGGCUC.ps.in
0.01037203
0.004730115
0.0
0.011064768
0.004358747
0.999544342
0.999455214
0.999987215
0.999994963
0.999993831
0.999921378
0.0
0.0
0.0
0.0
0.999921378
0.999993831
0.999994963
0.999987215
1.00864378
1.012163942
correlation:0.745788846783
./GC-GAUCGGAGCCUGGGAGCUCUG.ps.in
0.0
0.0
0.007594135
0.976224734
1.004532084
1.003966972
0.999803166
0.999932585
1.008985213
0.308199427
0.07902738
0.0
0.0
0.248021499
0.07902738
1.069163141
1.00395976
1.003600764
1.003193786
0.997480497
0.983818869
correlation:0.692539049191
./GC-GAUCUGAGCCUGGGGGCUCUC.ps.in
0.377001632
0.33168164
0.0
0.0
0.00408824
1.027751206
1.01279035
1.006378086
1.012179821
0.998580882
0.003469242
0.0
0.0
0.013649509
0.996676431
1.003904005
0.999961435
1.008273872
1.00740069
0.374640332
0.361238345
correlation:0.817529945313
./GC-UAUCUGAGCGCGCGAGCGCUC.ps.in
0.0
0.0
0.0
0.0
0.0
0.999501904
0.999480261
0.999987185
0.999978453
0.999978006
0.999932823
0.0
0.0
0.0
0.0
0.999932823
0.999978006
0.999978453
0.999987185
1.0038176
0.995164565
correlation:0.747338225336
./GC-GAUCUGAGACUGGGAGGUCUC.ps.in
0.031614136
0.026069081
0.021239125
0.021156708
0.024299169
0.999229569
0.999207063
0.999714364
0.99957466
1.018764493
0.918030525
0.005437826
0.005536035
0.005527466
0.038669296
0.940911081
1.019551635
1.020852133
1.02643
1.013877778
1.006392281
correlation:0.756299469374
./GC-GAUCUGAGCCUUCGGGCUCUC.ps.in
0.37705115
0.331746586
0.0
0.0
0.004088238
1.027652962
1.012668496
1.006117924
0.999992877
0.999847728
0.0
0.0
0.0
0.0
0.999847728
0.999992877
0.999967068
1.008342071
1.007188179
0.374514614
0.361136948
correlation:0.815405682763
./GC-GAUCUGAGCCUGGGAGGGCUC.ps.in
0.010431732
0.00480602
0.0
0.0
0.004359013
0.999491078
0.99946741
0.999985576
1.020340381
1.026545273
0.921610788
0.0
0.0
0.0
0.022918967
0.927585622
1.018212593
0.99977926
0.999985576
1.00861902
1.001218207
correlation:0.752995599048
./GC-GAUCGGAGCGUGGGAGCUCUC.ps.in
0.121804473
0.090473225
0.0
0.0
1.132030159
1.05992175
1.037290984
1.037362834
1.001877617
0.037827017
0.056128299
0.01142076
0.006328683
0.010982101
0.022020311
1.031322061
1.042241699
1.00546662
1.057717775
1.103010421
0.332341927
correlation:0.792827027546
./GC-GAUGUGAGCCUUCGGGCUCGC.ps.in
0.009672464
0.0
0.0
0.995241317
0.998616304
0.999921974
0.999821528
0.999988764
0.999994159
0.999848921
0.0
0.0
0.0
0.0
0.999848921
0.999994159
0.999988764
0.999821528
0.999921974
0.998616304
1.004913781
correlation:0.552509043549
./GC-GAUGAGAGCCUUCGGGCUCUC.ps.in
0.011625948
0.00909626
0.0
0.999455752
0.999435057
0.999973893
0.99982269
0.999988675
0.999994159
0.999848921
0.0
0.0
0.0
0.0
0.999848921
0.999994159
0.999988675
0.99982269
0.999973893
1.012891594
1.006721423
correlation:0.551165898728
./GC-GAUCUGAGCCUUGGAGCGCUC.ps.in
0.067695254
0.026431893
0.04496053
0.062302787
0.065038656
1.077611113
1.029453857
1.02740268
1.062737495
0.888715829
0.740554332
0.040216142
0.056914152
0.113128964
0.593609414
1.051364971
0.101185138
1.069718313
1.039531736
1.040647905
1.027440061
correlation:0.660626918611
./GC-GAGCUCCGCUUGGGAGCUCUC.ps.in
1.029113685
1.013532714
1.006555945
0.999988228
1.015097421
1.034797138
1.035901962
0.0
0.0
0.0
0.0
0.045055871
1.022597878
1.018438246
0.999704526
0.999988228
0.999965131
1.003712519
1.001527575
0.026611568
0.017385551
correlation:0.0658031829903
./GC-GAUCUGAGCCCGGAAGGGCUC.ps.in
0.010369764
0.004727515
0.0
0.0
0.004359016
0.999490724
0.999469139
0.999987304
0.999994963
0.999993831
0.999921378
0.0
0.0
0.0
0.0
0.999921378
0.999993831
0.999994963
0.999987304
1.008540182
1.001157944
correlation:0.747020028474
./GC-GAUGUGAGCCUUCGGGCUCAC.ps.in
0.008577504
0.0
0.0
0.993303407
0.999289976
0.999972313
0.99982275
0.999988764
0.999994159
0.999848921
0.0
0.0
0.0
0.0
0.999848921
0.999994159
0.999988764
0.99982275
0.999972313
0.999289976
1.001880911
correlation:0.552813740111
./GC-GAACUGAGCCUGGGGGCUCUC.ps.in
0.377178817
0.331280266
0.047556738
0.0
0.004083615
1.027724276
1.012775797
1.006371335
1.012180372
0.99858119
0.00346915
0.0
0.0
0.013649569
0.996676899
1.003904244
0.999961942
1.008243589
1.007375814
0.421774144
0.361448125
correlation:0.816965983494
./GC-GAUCUGAGCCUGAGAGGGCUC.ps.in
0.010369998
0.004727803
0.0
0.0
0.004359016
0.999490738
0.99946908
0.999987274
0.999990374
1.004158651
1.001293398
0.0
0.0
0.0
0.003348652
1.002166371
0.999937026
0.999990374
0.999987274
1.008540455
1.001158148
correlation:0.746384137204
./GC-GAUCUGAGCCUGGGAGCUCGC.ps.in
0.113893582
0.008033196
0.042844072
0.164483611
0.913701713
1.017462695
1.006426297
1.02573993
1.036478374
0.307963029
0.095759735
0.047289464
0.027038468
0.276168535
0.095541132
1.073235877
1.040854691
1.012956364
1.019020057
1.080073486
0.136841016
correlation:0.82392091109
./GC-GAUCUGAGCCUACGGGCUCAG.ps.in
0.0
0.0
0.008985646
0.992137217
0.999165783
0.999972462
0.999822899
0.999988764
0.999993116
0.999660077
0.0
0.0
0.0
0.0
0.999660077
0.999993116
0.999988764
0.999822899
0.999972462
0.999165783
1.001122863
correlation:0.552369905405
./GC-UAUAUGAGCCCGGGAGGGCUC.ps.in
0.0
0.0
0.0
0.0
0.0
0.999501573
0.999479993
0.999987304
0.999994755
0.999990642
0.999104785
0.0
0.0
0.0
0.0
0.999104785
0.999990642
0.999994755
0.999987304
1.0038173
0.995164266
correlation:0.747424261233
./GC-GAUCUGAGCCUGGGGGCUCAC.ps.in
0.074117403
0.0
0.013043699
0.0
0.964296564
0.999637508
0.99979792
0.999988258
1.012117586
0.998453682
0.003427155
0.0
0.0
0.013611074
0.99657187
1.003815479
0.999988258
0.99979792
0.999637508
0.977340263
0.074117403
correlation:0.671215214139
./GC-GUUCUGAGCCUGGGGGCUCUC.ps.in
0.250229754
0.007499845
0.007462343
0.010476771
0.014177989
1.028636014
1.019789717
1.006592636
1.01212596
0.998534616
0.009972827
0.0
0.009916074
0.024127233
1.004089434
1.011355562
1.010422883
1.003614647
1.005504933
0.049481123
0.225462487
correlation:0.796335945787
./GC-GAUCAGAGCCUGGGGGCUCUG.ps.in
0.0
0.0
0.012421616
0.992105736
0.999170883
0.999972373
0.999822899
0.999988705
1.012117179
0.998453414
0.00342707
0.0
0.0
0.013610666
0.996571386
1.003815611
0.999988705
0.999822899
0.999972373
0.999170883
1.004527352
correlation:0.554174890383
./GC-AAUCAGAGCCCGGGGGCUCUG.ps.in
0.0
0.0
0.012421616
0.992105766
0.999170913
0.999972403
0.999822899
0.999988735
1.005055487
1.007456292
0.00566567
0.0
0.0
0.00566567
1.007456292
1.005055487
0.999988735
0.999822899
0.999972403
0.999170913
1.004527382
correlation:0.551005812382
./GC-GAGCUCCGACUGGGAGCUCUC.ps.in
1.029110902
1.013529215
1.006548419
0.999988317
1.0150976
1.034797656
1.035866956
0.0
0.0
0.0
0.0
0.045055962
1.022599911
1.018401664
0.999704675
0.999988317
0.99996522
1.003712578
1.00152005
0.02660801
0.017382678
correlation:0.0658009345981
./GC-GAUCUGCGCCUGGCAGAUCUC.ps.in
1.034089559
1.017832738
0.999668185
0.999975234
0.999711591
0.999972164
1.02542657
0.0036314
0.003663688
0.0
0.0
0.030397375
0.998692883
1.003603564
0.999711591
0.999975234
0.999668185
1.004252027
0.994399091
0.031566837
0.021704342
correlation:0.0669805533327
./GC-GCUCCCAUCCUGGGAGCUCUC.ps.in
1.022504101
0.99995762
0.999822034
0.999988347
0.999976515
0.994658959
0.613687077
0.0
0.0
0.0
0.613687077
0.994658959
0.999976515
0.999988347
0.999822034
0.99995762
0.997828331
0.014688012
0.006567892
0.0
0.003419866
correlation:-0.402075242881
./GC-GAUCUGCUCCUGGGAGCGAUC.ps.in
0.998905563
0.997169183
0.997793057
0.981938662
0.191252438
0.999951123
1.004209645
1.003942982
1.003492929
0.004016158
0.0
0.0
0.008645341
1.007281493
0.999760957
0.999973923
0.999951123
1.168444263
1.002539894
1.003071807
0.993002939
correlation:0.543377526833
./GC-AAUCUGAGCCCGGGAGGGCUC.ps.in
0.004359095
0.0
0.0
0.0
0.004359095
0.999502475
0.999480381
0.999987304
0.999994755
0.999990642
0.999104785
0.0
0.0
0.0
0.0
0.999104785
0.999990642
0.999994755
0.999987304
1.003817692
0.995165164
correlation:0.747506729045
./GC-GAUCUGAGCCUGGAGGCUCUC.ps.in
0.377064731
0.331758085
0.0
0.0
0.004088232
1.02770765
1.012737759
1.006269454
0.999948262
0.982143742
0.003750478
0.0
0.0
0.0
0.981545111
1.004297371
0.999960213
1.008348868
1.007355694
0.374588421
0.361196251
correlation:0.821654422215
./GC-GAUCGGAGCCUGUGGGCUCUG.ps.in
0.0
0.0
0.007588944
0.976240181
0.997496392
0.999955772
0.99982114
0.999988705
1.012117874
0.998454077
0.003427076
0.0
0.0
0.01361074
0.996572097
1.00381619
0.999988705
0.99982114
0.999955772
0.997496392
0.983829125
correlation:0.558434067746
./GC-GAUGUGAGCCUGGGGGCUCAC.ps.in
0.008577537
0.0
0.0
0.993303407
0.999289976
0.999972313
0.99982272
0.999988705
1.012117209
0.998453429
0.003427069
0.0
0.0
0.013610682
0.996571415
1.00381561
0.999988705
0.99982272
0.999972313
0.999289976
1.001880944
correlation:0.555009879803
./GC-UAUCUGAGCCCGUGAGGGCUC.ps.in
0.0
0.0
0.0
0.0
0.0
0.999501963
0.999480351
0.999987304
0.999994963
0.999993831
0.999921378
0.0
0.0
0.0
0.0
0.999921378
0.999993831
0.999994963
0.999987304
1.003817659
0.995164655
correlation:0.74733993122
./GC-GAUGAGAGCCUGGGGGCUCUC.ps.in
0.011646555
0.009122808
0.0
0.999455423
0.999434729
0.999973565
0.999822362
0.999988317
1.012125727
0.998458186
0.003427126
0.0
0.0
0.013615615
0.996580013
1.003815411
0.999988317
0.999822362
0.999973565
1.012917815
1.0067417
correlation:0.553363086784
./GC-GAUGAGAGCCUGGGAGCUCUC.ps.in
0.033614619
0.032955237
0.0
1.035188794
1.035193927
1.035732439
0.999153285
0.999281029
1.026831695
0.308001616
0.078977119
0.0
0.0
0.266364182
0.078977119
1.068469129
1.03570706
1.035579254
1.035700726
1.036086392
1.028045898
correlation:0.683273778651
./GC-GAUCUGAGCCUACGGGCUCGG.ps.in
0.0
0.0
0.042615802
1.03570402
1.001866032
0.999914464
0.999820932
0.999988764
0.999993116
0.999660077
0.0
0.0
0.0
0.0
0.999660077
0.999993116
0.999988764
0.999820932
0.999914464
1.042106918
1.038078936
correlation:0.538913710972
