wildtype_dp.ps.in
0.0
1.006848032
1.022856973
1.028419073
1.047334028
1.063089244
1.072789124
1.089715971
1.032024171
1.144304418
1.040072729
1.100649717
0.987399477
0.281932811
0.055111617
0.719589246
0.041620118
0.221129688
0.191244481
0.163903077
0.092610032
0.406224278
0.68459665
0.043696071
0.045891084
1.048148087
1.170664661
1.100576581
1.038344519
1.20274896
1.221019069
1.284561497
0.60948169
0.178659142
0.091986295
0.235131493
0.967816563
0.576254954
0.39448552
1.178260058
1.025130187
1.020852646
1.012779831
0.998887486
0.995089185
A68C_dp.ps.in
0.0
1.006860398
1.022882908
1.028430692
1.047381156
1.063098655
1.07124701
1.099859054
1.069138253
1.126798085
1.030520967
1.071577582
0.982294904
0.191327258
0.799654767
1.019835666
0.022139318
0.162300444
0.158645375
0.127304346
0.082184052
0.792877796
1.218030439
0.040945165
0.035058209
1.021622583
1.120776165
1.061732007
1.042975877
1.202595506
1.222346786
1.258822787
0.573518032
0.143095195
0.086029514
0.228361438
0.944496509
0.584311576
0.405878176
1.175723482
1.025159962
1.020878755
1.012811399
0.99888674
0.995088436
A75U_G76C_C7_dp.ps.in
0.0
1.006589016
1.022315798
1.028472401
1.047247334
1.070890384
1.157636705
1.306194362
1.268520863
1.379311239
1.208641333
1.06574757
1.004290114
0.127103657
0.602154324
0.053109329
0.282321204
0.077758003
0.121344227
0.162811969
0.113858363
0.496501356
0.26554983
0.81880132
0.258841848
1.083870168
1.244893972
1.155730446
1.085313748
1.241097306
1.259869486
1.224767758
0.583508031
0.166459586
0.078957861
0.238267476
0.976031212
0.709287335
0.539243869
1.230655519
1.025545001
1.02118469
1.012569865
0.998900166
0.995101824
A92C_dp.ps.in
0.0
1.073593647
1.068696612
1.081970553
1.089981705
1.103723305
1.059561706
1.285480395
1.007234799
1.256976048
1.059706677
1.148885577
1.05199573
0.362776436
0.092010002
0.74744341
0.07064378
0.212123162
0.232889893
0.252102649
0.135441589
0.438593336
0.727385226
0.063652812
0.049113266
1.118199794
1.270793024
1.137880154
1.0184765
1.056855772
1.190461584
1.514503702
1.111097187
0.510756724
0.191598099
0.184430882
0.448399159
1.14249314
1.532163411
1.040089078
1.020138199
1.015389921
1.00709325
0.996595428
0.992805829
A92U_dp.ps.in
0.0
1.078362046
1.066917363
1.075542384
1.09612678
1.118244219
1.097179736
1.275558962
1.04993028
1.197245006
1.052335626
1.127549325
1.01703654
0.318064406
0.070865296
0.732147087
0.053926007
0.214941195
0.208156532
0.220573996
0.124103635
0.423084421
0.713341101
0.058291356
0.046053024
1.074353272
1.205425313
1.101897073
1.018717961
1.048717532
1.16376048
1.319110108
0.451986566
0.430556189
0.181092789
0.296704536
0.967905619
0.49792106
0.635430377
1.098514806
1.026053806
1.020943353
1.013852877
0.996689652
0.992899752
C74U_dp.ps.in
0.0
1.006850922
1.022862902
1.028378688
1.047270463
1.062996743
1.06913282
1.073670232
1.028631422
1.120615689
1.035619987
1.086922399
1.001254286
0.48096638
0.322423802
1.00542558
0.316726348
0.189989227
0.158534499
0.314232722
0.6061587
0.740747135
0.60865289
0.042958888
0.040054943
1.03039955
1.12472938
1.062961011
1.031450266
1.182880168
1.217000794
1.239216087
0.568801355
0.133495505
0.084856136
0.22704636
0.953619572
0.558268412
0.391775032
1.177004853
1.025044814
1.020784952
1.012763518
0.998887337
0.995089035
C77U_dp.ps.in
0.0
1.015788059
1.031886584
1.037430344
1.057260468
1.073814059
1.077721101
1.072980558
1.113842187
1.168174243
1.126031512
1.153070264
1.042743878
0.143183257
0.91372116
0.997588538
0.106877811
0.159297371
0.09353272
0.079579729
0.03867955
0.193972835
1.189126823
1.143466804
0.127869106
1.142392318
1.101780638
1.10110232
1.079084687
1.217518025
1.237215413
1.182448776
0.545125487
0.096293727
0.064492446
0.224949214
0.935724864
0.601203113
0.431912238
1.187163015
1.02645815
1.021978806
1.018355962
1.002476591
0.995044949
C84A_U86A_dp.ps.in
0.0
1.012514084
1.024699756
1.038895549
1.073767286
1.127897957
1.334020426
0.792374486
1.238708611
1.463493845
1.139377817
1.122286802
0.803102099
0.386137689
0.080219585
0.861839546
0.17145854
0.87594625
0.879837689
0.322605372
0.550491088
0.469242943
1.132601637
0.502857318
0.584939257
1.558925074
1.387337238
1.292205202
1.053708055
1.128823776
0.533260038
1.216272221
0.273909732
0.722181712
0.614384025
0.323880362
0.91348157
0.462609605
0.212506021
1.196625793
1.056018399
1.047125881
1.034120543
0.998698998
0.998721727
C84A_U86G_dp.ps.in
0.0
1.001972699
1.003117906
1.022193823
1.048960054
1.063338242
1.306235417
1.233481461
0.951841204
1.035446719
0.734015617
0.445103788
0.158279811
0.20298694
0.006112413
0.363474896
0.01925866
1.454304676
1.475139316
0.099242872
0.746085574
0.161673009
1.161698719
1.065377911
1.07489278
1.160529095
0.189980783
0.183050352
0.157333377
0.158927074
0.087857655
1.15144535
1.101708763
1.022640601
1.011840431
0.141870158
0.402342205
0.524154616
0.152943087
1.051099971
1.058053822
1.047749954
1.031816469
0.99907418
0.99845906
C90A_A92G_dp.ps.in
0.0
0.995362406
0.999161756
1.009459822
1.021474766
1.055747137
1.378278333
0.569823742
0.440301716
0.384947528
0.338786591
1.082810879
0.128674984
0.084207717
0.0
0.181292992
0.0
0.5184676
0.522186959
0.020493593
0.287528085
0.062354544
1.072378793
0.997551832
0.996502636
1.113216764
1.221369087
0.256540542
0.974582886
0.159468721
0.144523526
0.109131339
0.089736605
1.005188288
0.144063533
1.049521958
1.009709725
1.052944513
1.074228994
1.260711665
1.033460332
1.031432144
1.022285183
0.999161756
1.000563342
C90A_dp.ps.in
0.0
0.995376778
0.999176193
1.008992927
1.025565747
1.041921827
1.142189559
1.265996013
1.149340998
1.191559919
1.113083719
1.12587754
0.941887877
0.256679517
0.038353679
0.719292577
0.02709284
0.406777353
0.380722688
0.134087074
0.165472762
0.398282067
0.736768958
0.099316769
0.27068456
1.202396134
1.367208478
1.13041916
1.232877018
1.211684561
1.161872197
0.922439458
0.883631597
0.363444289
0.11899891
0.826947521
0.372639247
0.814711246
0.526164631
1.315726828
1.032904419
1.024590051
1.014858391
0.999176193
0.995376778
C92G_dp.ps.in
0.0
1.082791544
1.114292532
1.040624427
1.142199914
1.161737851
1.283706533
1.113791295
1.052333826
1.081283087
1.034734811
1.152031401
0.932416606
0.226525488
0.025144814
0.69280543
0.017866128
0.226950348
0.171024475
0.100666006
0.100064282
0.384392064
0.811776266
0.183920479
0.193425601
0.997669346
1.264087635
1.084952166
1.126844209
1.095542958
1.183089772
1.175626361
0.518924257
0.404731042
0.414467933
0.426845742
0.978599705
0.666098831
0.704020398
1.518693509
1.036957781
1.018818625
1.02086984
0.999637483
0.996351043
U71C_dp.ps.in
0.0
1.006876923
1.022917416
1.028492197
1.047382213
1.063183973
1.074127334
1.045563918
0.994954612
1.117376229
1.016047988
1.093387713
0.976530657
0.27274227
0.064936466
0.719812746
0.068629877
0.220347216
0.109784834
0.141136203
0.072249029
0.322266445
0.764562717
0.01247535
0.016743444
1.02074654
1.15262322
1.117288078
1.035652627
1.210770958
1.212863666
1.251354796
0.602487865
0.144059292
0.063560805
0.224923117
0.960311976
0.556132771
0.385688255
1.178016997
1.025085847
1.02081431
1.012741588
0.998886054
0.995087748
U86G_dp.ps.in
0.0
0.999914872
1.003791437
1.014956522
1.036843952
1.044307464
1.20511393
1.55084669
1.293249037
1.353137728
1.157694442
0.94992515
0.714318361
0.225237551
0.013035888
0.662568697
0.010120969
1.027784792
0.990964455
0.080491294
0.48984399
0.304941753
1.174062008
0.659308511
0.665721558
1.376318272
1.267649959
0.790858012
0.770371205
0.905888602
1.399985388
1.470409412
0.73725092
0.660095927
0.655307574
0.1179451
0.979593288
0.529762283
0.253076483
1.076480334
1.064460454
1.039540473
1.02318434
0.99913867
0.995339381
